AP=0.507346
AP=0.883758
AP=0.798199
