AP=0.0909091
AP=0.0909091
AP=0.0909091
