AP=0.779851
AP=0.688438
AP=0.619746
