AP=0.414286
AP=0.579254
AP=0.630311
