AP=0.686108
AP=0.586166
AP=0.576789
