AP=0.534091
AP=0.896437
AP=0.809915
