AP=0.256198
AP=0.256198
AP=0.256198
