AP=0.580174
AP=0.795386
AP=0.779036
