AP=0.534638
AP=0.464454
AP=0.46348
