AP=0.867459
AP=0.826277
AP=0.761896
