AP=0.838137
AP=0.770733
AP=0.764591
