AP=0.381959
AP=0.312615
AP=0.314337
