AP=0.58991
AP=0.685936
AP=0.674246
